n = 0 : 127;
